118345,Jordan,32,935851
225780,Aaren,19,168194
263804,Jenda,56,1054933
323391,Jobi,36,54806
326160,Tierney,28,763891
333332,Roz,58,1090069
347659,Brandise,39,1336572
400188,Amelia,25,884023
447969,Edith,24,609416
456593,Quintina,53,949646
486512,Joeann,49,873447
488017,Yolane,24,734979
542925,Annabela,35,583620
588852,Renae,24,285781
599911,Aeriela,68,1169300
618905,Atlanta,60,1237296
640211,Christian,37,1200385
693300,Roz,43,251467
778891,Ulrike,71,917192
834204,Riannon,66,91828
861594,Robinia,57,191420
984090,Mignon,44,1216310
